    1    7.6    8.2   23.005     4  1972
    2    7.7    7.6   23.873     5  1972
    3    4.3    4.6   26.417     0  1973
    4    5.9    4.3   24.868     1  1973
    5    5.0    5.9   29.895     2  1973
    6    6.5    5.0   24.200     3  1973
    7    8.3    6.5   23.215     4  1973
    8    8.2    8.3   21.862     5  1973
    9   13.2   10.1   22.274     0  1974
   10   12.6   13.2   23.830     1  1974
   11   10.4   12.6   25.144     2  1974
   12   10.8   10.4   22.430     3  1974
   13   13.1   10.8   21.785     4  1974
   14   12.3   13.1   22.380     5  1974
   15   10.4   13.3   23.927     0  1975
   16   10.5   10.4   33.443     1  1975
   17    7.7   10.5   24.859     2  1975
   18    9.5    7.7   22.686     3  1975
   19   12.0   10.0   21.789     0  1976
   20   12.6   12.0   22.041     1  1976
   21   13.6   12.1   21.033     4  1976
   22   14.1   13.6   21.005     5  1976
   23   13.5   15.0   25.865     0  1977
   24   11.5   13.5   26.290     1  1977
   25   12.0   11.5   22.932     2  1977
   26   13.0   12.0   21.313     3  1977
   27   14.1   13.0   20.769     4  1977
   28   15.1   14.1   21.393     5  1977